distort_vector:
- - -0.09167156986741651
  - 0.40098948566120984
  - 0.0001678964207406137
  - -0.001059656137240824
  - -0.9119083420352538
batch_translation_vector[0]:
- - -141.51487691179221
- - -97.5316767137484
- - 1966.9533580712489
batch_rotation_vector[0]:
- - 1.7795204208396984
- - -1.8091392833336415
- - 0.6989071239807687
id: MV-SUA501GC-T1V-C
idVendor: 63010
idProduct: 54530
config_name: spectral_camera
transform:
- - -0.0328314717546929
  - -0.9994084718560511
  - -0.010237228373616802
  - -20.64425615864391
- - -0.9994448241958446
  - 0.032887319090793926
  - -0.005335506644911019
  - -106.57138331854773
- - 0.005669025538696794
  - 0.010056372376412784
  - -0.9999333635418254
  - 312.129232272307
- - 0.0
  - 0.0
  - 0.0
  - 1.0
camera_matrix:
- - 1086.5542634993192
  - 0.0
  - 667.850090045809
- - 0.0
  - 1086.9971191319928
  - 475.80944727626945
- - 0.0
  - 0.0
  - 1.0
batch_rotation_vector:
  '0':
  - - -2.176938725787165
  - - 2.249688948045079
  - - 0.005141465584516277
batch_translation_vector:
  '0':
  - - -108.95946736720856
  - - -20.26608520026494
  - - 311.3284807970227
image_height: 1024
image_width: 1280
