batch_translation_vector[0]:
- - 74.64917614809853
- - -108.64132433901332
- - 1190.2509263136812
batch_rotation_vector[0]:
- - 3.3973770016457636
- - -0.08226347713904605
- - -0.04287986194315451
distort_vector:
- - -1.4963602689609286
  - -41.54950225222842
  - 0.0779842669961907
  - -0.02489276710231624
  - 3526.2383807009664
id: MV-SUA501GC-T1V-C
idVendor: 63010
idProduct: 54530
config_name: spectral_camera
transform:
- - 0.9979628068946992
  - -0.04734331816185051
  - -0.04276501233812352
  - -29.088333228471996
- - -0.04882826525898021
  - -0.9982155614311159
  - -0.03437285889420501
  - -59.65619832184533
- - -0.04106137560594782
  - 0.0363909761093057
  - -0.9984936956692111
  - 1265.450113658638
- - 0.0
  - 0.0
  - 0.0
  - 1.0
camera_matrix:
- - 2182.866609316306
  - 0.0
  - 250.34998290295113
- - 0.0
  - 2082.8446998005843
  - 435.1838949102581
- - 0.0
  - 0.0
  - 1.0
batch_rotation_vector:
  '0':
  - - 3.1753810479044033
  - - -0.07644718225907501
  - - -0.06663393623497643
batch_translation_vector:
  '0':
  - - 78.07728842809954
  - - -106.97784856918997
  - - 1260.2494436555442
image_height: 871
image_width: 512
